     0.15000000     0.15000000      12.653088     0.13387449      12.519213      42.319116    0.020571611
      6.6093836
     0.15000000     0.20000000      11.090752     0.13564549      10.955107      34.515058    0.018578229
      4.4434615
     0.15000000     0.25000000      10.178997     0.14178097      10.037216      31.660335    0.017793351
      6.8469673
     0.15000000     0.30000000      9.7619945     0.13986661      9.6221279      29.742987    0.017246155
      3.5368099
     0.15000000     0.35000000      9.2336236     0.14627159      9.0873520      25.846910    0.016076974
      4.6747231
     0.15000000     0.40000000      9.0762132     0.14110335      8.9351098      26.386718    0.016243989
      4.7343028
     0.15000000     0.45000000      8.5710883     0.15401420      8.4170741      24.205340    0.015558065
      5.3538743
     0.15000000     0.50000000      8.4494764     0.14793021      8.3015462      23.603851    0.015363545
      5.9758170
     0.15000000     0.55000000      8.5999680     0.13840926      8.4615587      26.501789    0.016279370
      5.5014949
     0.15000000     0.60000000      8.2380649     0.14719241      8.0908725      23.323524    0.015272041
      5.0429242
     0.15000000     0.65000000      7.9212775     0.14983169      7.7714459      21.163859    0.014547804
      4.1449367
     0.15000000     0.70000000      8.3036430     0.14634120      8.1573018      24.451247    0.015636895
      2.8149320
     0.15000000     0.75000000      8.3400760     0.13923547      8.2008405      25.291787    0.015903392
      1.6952544
     0.15000000     0.80000000      7.9932148     0.14884459      7.8443702      22.372629    0.014957483
      5.4431455
     0.15000000     0.85000000      7.9862114     0.14627788      7.8399335      21.710736    0.014734563
      1.3121431
     0.15000000     0.90000000      7.8955539     0.14506959      7.7504844      20.732832    0.014398900
      3.2475420
     0.15000000     0.95000000      7.8953891     0.14768112      7.7477080      22.345310    0.014948348
      3.3590030
     0.15000000      1.0000000      7.8846743     0.14375281      7.7409215      22.955388    0.015151036
      5.1927294
     0.15000000      1.0500000      7.9198564     0.13926116      7.7805952      23.339935    0.015277413
      2.3066660
     0.15000000      1.1000000      7.5712119     0.15167400      7.4195379      19.954113    0.014125903
      5.9351764
     0.20000000     0.15000000      9.2425659     0.18516177      9.0574041      20.580917    0.014346051
      4.5442639
     0.20000000     0.20000000      8.5400720     0.18383927      8.3562327      19.707599    0.014038376
      4.2713519
     0.20000000     0.25000000      7.9226239     0.18123108      7.7413928      17.256632    0.013136450
      5.1116455
     0.20000000     0.30000000      7.3388001     0.18986050      7.1489396      15.063789    0.012273463
      4.3011056
     0.20000000     0.35000000      7.1343279     0.19380155      6.9405263      14.481568    0.012033939
      5.0549440
     0.20000000     0.40000000      7.1100536     0.18247169      6.9275819      14.749410    0.012144715
      5.9306911
     0.20000000     0.45000000      6.8096292     0.18845727      6.6211720      13.352130    0.011555142
      6.1292157
     0.20000000     0.50000000      6.6954715     0.19134175      6.5041297      12.743519    0.011288720
      1.7687001
     0.20000000     0.55000000      6.5501959     0.19058820      6.3596077      12.534198    0.011195623
      4.5765444
     0.20000000     0.60000000      6.3404345     0.19857604      6.1418584      11.835572    0.010879142
      3.4034146
     0.20000000     0.65000000      6.3946001     0.19414676      6.2004534      12.017681    0.010962518
      1.4595407
     0.20000000     0.70000000      6.4365305     0.18914633      6.2473842      12.457139    0.011161156
      5.3719366
     0.20000000     0.75000000      6.2231894     0.19324101      6.0299484      11.784769    0.010855767
      1.8981653
     0.20000000     0.80000000      6.1472293     0.17815517      5.9690741      12.248069    0.011067099
      1.2453964
     0.20000000     0.85000000      6.2745862     0.19309155      6.0814946      11.709039    0.010820831
      1.5706973
     0.20000000     0.90000000      6.2232168     0.19105451      6.0321623      11.910326    0.010913444
      2.2009989
     0.20000000     0.95000000      5.8970897     0.20463235      5.6924574      10.613384    0.010302128
     0.45307396
     0.20000000      1.0000000      6.1258930     0.19369405      5.9321990      11.661456    0.010798822
      4.2858824
     0.20000000      1.0500000      6.0255573     0.19957012      5.8259872      11.258767    0.010610734
      3.5212282
     0.20000000      1.1000000      6.0629451     0.19383938      5.8691058      11.973257    0.010942238
      2.8967312
     0.25000000     0.15000000      7.6242259     0.22059726      7.4036286      13.399718    0.011575715
      3.3933540
     0.25000000     0.20000000      6.8547072     0.22986459      6.6248426      11.698265    0.010815852
      2.3095753
     0.25000000     0.25000000      6.5278811     0.22261962      6.3052615      10.829962    0.010406711
      5.2836155
     0.25000000     0.30000000      6.1036199     0.22889442      5.8747255      9.6357791   0.0098162005
      4.4382382
     0.25000000     0.35000000      5.9551996     0.23599588      5.7192037      8.7833249   0.0093719395
      2.9623280
     0.25000000     0.40000000      5.8080588     0.23620401      5.5718548      9.1322783   0.0095562955
      3.7376026
     0.25000000     0.45000000      5.6872275     0.23173762      5.4554899      8.4958589   0.0092172984
      1.8124999
     0.25000000     0.50000000      5.6116508     0.23684336      5.3748075      8.3946294   0.0091622210
      1.6228730
     0.25000000     0.55000000      5.5658857     0.23271267      5.3331730      8.1042862   0.0090023809
      3.4908305
     0.25000000     0.60000000      5.4238275     0.23599103      5.1878364      8.2039787   0.0090575817
      2.6370447
     0.25000000     0.65000000      5.4607911     0.22667618      5.2341150      7.7230282   0.0087880761
      3.9965811
     0.25000000     0.70000000      5.3675574     0.23638308      5.1311743      7.5775222   0.0087048964
      2.1469358
     0.25000000     0.75000000      5.2885074     0.23308433      5.0554231      7.4767585   0.0086468251
      1.7314370
     0.25000000     0.80000000      5.2336960     0.23786584      4.9958302      6.9400747   0.0083307111
      2.7026643
     0.25000000     0.85000000      5.2154399     0.24000605      4.9754339      7.1382279   0.0084488034
      3.0377987
     0.25000000     0.90000000      5.1874203     0.24317007      4.9442503      7.0982375   0.0084251038
      1.6926917
     0.25000000     0.95000000      5.1233661     0.24226289      4.8811032      6.6305348   0.0081428096
      1.9963061
     0.25000000      1.0000000      5.0509008     0.24799062      4.8029101      6.5395359   0.0080867397
      3.8054062
     0.25000000      1.0500000      5.1079108     0.24500038      4.8629104      6.9211314   0.0083193338
      2.6415674
     0.25000000      1.1000000      5.0984971     0.23791904      4.8605781      6.8234179   0.0082603983
      3.0061551
     0.30000000     0.15000000      6.3867708     0.26074370      6.1260271      9.3286327   0.0096584847
      2.3687135
     0.30000000     0.20000000      5.9426603     0.26167009      5.6809902      8.2785513   0.0090986545
      2.4445994
     0.30000000     0.25000000      5.5076322     0.27534473      5.2322874      6.8742778   0.0082911264
      4.0399435
     0.30000000     0.30000000      5.2546206     0.28661939      4.9680013      6.1570060   0.0078466591
      3.8414177
     0.30000000     0.35000000      5.1427625     0.27958975      4.8631727      5.8574267   0.0076533827
      3.4447316
     0.30000000     0.40000000      4.9739145     0.27952905      4.6943854      5.5069547   0.0074208858
      2.4959079
     0.30000000     0.45000000      4.9007155     0.28497293      4.6157426      5.2492840   0.0072451943
     0.89673590
     0.30000000     0.50000000      4.8362019     0.27822029      4.5579816      5.3517363   0.0073155562
      1.1217618
     0.30000000     0.55000000      4.7847492     0.28235202      4.5023972      5.2581097   0.0072512824
      1.8050615
     0.30000000     0.60000000      4.6597021     0.28956849      4.3701336      4.6981811   0.0068543279
      4.5958128
     0.30000000     0.65000000      4.6375454     0.28883884      4.3487066      4.4699043   0.0066857343
      2.3201141
     0.30000000     0.70000000      4.6248721     0.28123233      4.3436398      4.6013715   0.0067833410
      5.1806583
     0.30000000     0.75000000      4.5314563     0.29321413      4.2382421      4.5089466   0.0067148690
      3.3284584
     0.30000000     0.80000000      4.5641190     0.28992010      4.2741989      4.4282360   0.0066544992
      4.0110949
     0.30000000     0.85000000      4.5538129     0.28615426      4.2676587      4.4820329   0.0066947986
      1.9530731
     0.30000000     0.90000000      4.4848515     0.29187757      4.1929739      4.3649568   0.0066067820
      4.0285941
     0.30000000     0.95000000      4.5130027     0.28884201      4.2241607      4.3731899   0.0066130098
      2.7177286
     0.30000000      1.0000000      4.5073498     0.27918847      4.2281613      4.5210284   0.0067238593
      4.9180299
     0.30000000      1.0500000      4.5180578     0.29043524      4.2276225      4.5962588   0.0067795714
      3.6341903
     0.30000000      1.1000000      4.5026330     0.28974008      4.2128929      4.3558532   0.0065998888
      1.1120687
     0.35000000     0.15000000      5.4929121     0.31174208      5.1811700      6.2031052   0.0078759794
     0.60487840
     0.35000000     0.20000000      5.1824194     0.31877700      4.8636424      5.0875573   0.0071327115
      3.2634928
     0.35000000     0.25000000      4.8578599     0.31932869      4.5385312      4.4557579   0.0066751464
     0.80567198
     0.35000000     0.30000000      4.7566646     0.31252174      4.4441429      4.4415421   0.0066644896
      3.1761743
     0.35000000     0.35000000      4.5960654     0.32163212      4.2744333      3.9126036   0.0062550808
      3.7054279
     0.35000000     0.40000000      4.4464274     0.31559974      4.1308277      4.0428434   0.0063583358
      1.9236836
     0.35000000     0.45000000      4.3575937     0.32880621      4.0287874      3.7213280   0.0061002689
      1.2272655
     0.35000000     0.50000000      4.3565366     0.32315979      4.0333768      3.4707952   0.0058913455
      1.5276512
     0.35000000     0.55000000      4.2891720     0.32700575      3.9621663      3.4613355   0.0058833116
      4.2386844
     0.35000000     0.60000000      4.2451910     0.32827287      3.9169181      3.1512113   0.0056135651
      1.3886207
     0.35000000     0.65000000      4.1770476     0.33878184      3.8382657      3.1419903   0.0056053459
      2.7775710
     0.35000000     0.70000000      4.1511776     0.33262471      3.8185528      3.0305248   0.0055050203
      1.6726521
     0.35000000     0.75000000      4.2011648     0.32453801      3.8766268      3.2425662   0.0056943535
      1.2796176
     0.35000000     0.80000000      4.1502670     0.33212163      3.8181454      3.1306005   0.0055951769
      1.7362265
     0.35000000     0.85000000      4.1489928     0.33228827      3.8167046      3.0770429   0.0055471100
      4.7494268
     0.35000000     0.90000000      4.1042675     0.33126251      3.7730050      2.9539156   0.0054349936
      1.3351779
     0.35000000     0.95000000      4.0609127     0.33950476      3.7214080      2.8023401   0.0052937133
      1.7963553
     0.35000000      1.0000000      4.0753970     0.33644025      3.7389567      2.9096393   0.0053941072
      1.2954522
     0.35000000      1.0500000      4.0765680     0.33911347      3.7374545      2.9083421   0.0053929047
     0.37668244
     0.35000000      1.1000000      4.0131830     0.34079259      3.6723904      2.8604152   0.0053482849
     0.59911449
     0.40000000     0.15000000      4.8590949     0.35375194      4.5053429      4.2124111   0.0064903090
      2.0252295
     0.40000000     0.20000000      4.6342065     0.35594974      4.2782567      3.6856165   0.0060709279
      2.7861840
     0.40000000     0.25000000      4.4701888     0.35667551      4.1135133      3.4586246   0.0058810072
      5.1859177
     0.40000000     0.30000000      4.2337335     0.37148927      3.8622442      2.8995441   0.0053847415
      2.0117449
     0.40000000     0.35000000      4.1794466     0.36689542      3.8125512      2.8696490   0.0053569105
      4.1673692
     0.40000000     0.40000000      4.0963426     0.36925708      3.7270855      2.6608031   0.0051582973
      4.0768706
     0.40000000     0.45000000      4.0724299     0.36122163      3.7112083      2.5908113   0.0050900012
      3.6895837
     0.40000000     0.50000000      4.0225674     0.36703979      3.6555276      2.4886518   0.0049886389
      4.5303544
     0.40000000     0.55000000      3.9333356     0.37804338      3.5552923      2.2291706   0.0047214093
      4.4456934
     0.40000000     0.60000000      3.9300292     0.37049774      3.5595315      2.3559497   0.0048538126
      3.3196925
     0.40000000     0.65000000      3.8694898     0.37749805      3.4919917      2.1325576   0.0046179623
      3.2610203
     0.40000000     0.70000000      3.8705104     0.37734568      3.4931647      2.2162230   0.0047076778
      2.2182684
     0.40000000     0.75000000      3.8346091     0.38510734      3.4495018      2.0999505   0.0045825217
      1.5817871
     0.40000000     0.80000000      3.8020342     0.37954427      3.4224899      2.0113870   0.0044848490
      2.1628918
     0.40000000     0.85000000      3.8269462     0.37356374      3.4533825      2.1729402   0.0046614807
      3.1204341
     0.40000000     0.90000000      3.7665408     0.38584593      3.3806949      1.9621073   0.0044295681
      1.3880694
     0.40000000     0.95000000      3.8058923     0.37655012      3.4293422      2.0908679   0.0045726009
      2.7424547
     0.40000000      1.0000000      3.7434367     0.38814432      3.3552924      1.9029535   0.0043622856
      1.7337767
     0.40000000      1.0500000      3.7178679     0.39700651      3.3208614      1.8909131   0.0043484631
      1.5278133
     0.40000000      1.1000000      3.7794028     0.38172633      3.3976764      2.0020136   0.0044743867
      2.0123197
     0.45000000     0.15000000      4.5098823     0.39351223      4.1163701      3.2704355   0.0057187721
      3.1097538
     0.45000000     0.20000000      4.2722824     0.40044607      3.8718364      2.7971321   0.0052887920
      3.7616870
     0.45000000     0.25000000      4.0959088     0.40257914      3.6933297      2.4012383   0.0049002431
      2.9871103
     0.45000000     0.30000000      4.0010999     0.40562377      3.5954761      2.2409192   0.0047338348
      4.1203541
     0.45000000     0.35000000      3.8911713     0.39906614      3.4921052      2.0244780   0.0044994199
      2.2199002
     0.45000000     0.40000000      3.8256884     0.40753836      3.4181501      1.9254716   0.0043880196
      1.4877959
     0.45000000     0.45000000      3.7381779     0.41622251      3.3219554      1.7693041   0.0042063097
      3.2721470
     0.45000000     0.50000000      3.7205550     0.40995171      3.3106033      1.7575178   0.0041922759
      3.4287671
     0.45000000     0.55000000      3.7045575     0.41581925      3.2887382      1.6774858   0.0040957122
      2.2007922
     0.45000000     0.60000000      3.6797523     0.41851549      3.2612368      1.6086956   0.0040108548
      2.7354310
     0.45000000     0.65000000      3.6392558     0.42540144      3.2138544      1.5142020   0.0038912749
      2.4576595
     0.45000000     0.70000000      3.6354822     0.42026601      3.2152162      1.5507859   0.0039380019
      2.7537312
     0.45000000     0.75000000      3.5908719     0.42727384      3.1635981      1.4684782   0.0038320729
     0.64184912
     0.45000000     0.80000000      3.6260473     0.41496163      3.2110856      1.4827481   0.0038506468
      2.6617077
     0.45000000     0.85000000      3.5686820     0.43380461      3.1348774      1.4325216   0.0037848667
      3.8354449
     0.45000000     0.90000000      3.5558544     0.43932686      3.1165276      1.3354041   0.0036543182
      2.2179740
     0.45000000     0.95000000      3.5718726     0.42997473      3.1418979      1.3993967   0.0037408511
      1.0481288
     0.45000000      1.0000000      3.5644257     0.42926528      3.1351605      1.3778935   0.0037119989
      1.5032888
     0.45000000      1.0500000      3.5483918     0.43090016      3.1174916      1.3369825   0.0036564771
      1.5222999
     0.45000000      1.1000000      3.5361847     0.43705066      3.0991340      1.3587382   0.0036861066
      1.8903456
     0.50000000     0.15000000      4.1427194     0.43757309      3.7051463      2.3893522   0.0048881000
      2.9633068
     0.50000000     0.20000000      4.0027008     0.43198869      3.5707121      2.0840933   0.0045651871
      3.9216647
     0.50000000     0.25000000      3.8013753     0.44906217      3.3523132      1.7253300   0.0041537091
      2.0372702
     0.50000000     0.30000000      3.7408099     0.44363720      3.2971727      1.6077684   0.0040096987
      2.9009867
     0.50000000     0.35000000      3.6428837     0.45428994      3.1885937      1.4755695   0.0038413142
     0.87646893
     0.50000000     0.40000000      3.6297896     0.45042123      3.1793684      1.3441531   0.0036662693
      1.7348546
     0.50000000     0.45000000      3.5544254     0.45546312      3.0989623      1.2539268   0.0035410829
      2.1694243
     0.50000000     0.50000000      3.5319921     0.45565912      3.0763330      1.2000464   0.0034641686
      3.7876705
     0.50000000     0.55000000      3.5096744     0.45532459      3.0543498      1.1278589   0.0033583610
      2.9796558
     0.50000000     0.60000000      3.4878741     0.46356810      3.0243060      1.1064795   0.0033263786
      2.4060200
     0.50000000     0.65000000      3.4831676     0.46382299      3.0193447      1.1330062   0.0033660157
     0.37068889
     0.50000000     0.70000000      3.4355772     0.47125720      2.9643200      1.0120180   0.0031812230
      1.9745992
     0.50000000     0.75000000      3.4286991     0.47565302      2.9530460     0.98628520   0.0031405178
      2.6608179
     0.50000000     0.80000000      3.4220995     0.47512823      2.9469713      1.0090498   0.0031765545
      2.9331069
     0.50000000     0.85000000      3.4251848     0.46898286      2.9562019     0.98761124   0.0031426283
      1.1701634
     0.50000000     0.90000000      3.3852716     0.48384596      2.9014256     0.89869336   0.0029978215
      1.7786824
     0.50000000     0.95000000      3.3885984     0.48315596      2.9054425     0.91193951   0.0030198336
      3.3011201
     0.50000000      1.0000000      3.3766828     0.48196709      2.8947157     0.90913908   0.0030151933
      1.6417473
     0.50000000      1.0500000      3.3968495     0.47725611      2.9195934     0.97492453   0.0031223781
     0.72041759
     0.50000000      1.1000000      3.3616626     0.48695270      2.8747099     0.91696687   0.0030281461
      1.6215430
     0.55000000     0.15000000      3.9288772     0.46851792      3.4603593      1.8455648   0.0042960037
      2.4836568
     0.55000000     0.20000000      3.7601821     0.47516321      3.2850188      1.5240861   0.0039039546
      2.4553010
     0.55000000     0.25000000      3.6349833     0.48782426      3.1471590      1.2912186   0.0035933531
      1.9442279
     0.55000000     0.30000000      3.5317260     0.49699235      3.0347337      1.0939151   0.0033074388
      3.3588531
     0.55000000     0.35000000      3.4476390     0.49934912      2.9482899     0.99310429   0.0031513557
      2.0663714
     0.55000000     0.40000000      3.4533688     0.49943361      2.9539351     0.95092608   0.0030837089
      1.9774111
     0.55000000     0.45000000      3.3871716     0.50772607      2.8794455     0.86361148   0.0029387267
      2.3097431
     0.55000000     0.50000000      3.3725995     0.50250495      2.8700946     0.83354405   0.0028871163
      3.1968759
     0.55000000     0.55000000      3.3668845     0.50637190      2.8605126     0.80902269   0.0028443324
      2.8424437
     0.55000000     0.60000000      3.3445074     0.50140698      2.8431004     0.75051313   0.0027395495
      2.0744053
     0.55000000     0.65000000      3.3214494     0.51194029      2.8095091     0.71588022   0.0026755938
      2.1080391
     0.55000000     0.70000000      3.3253807     0.50557525      2.8198055     0.73451331   0.0027101906
      2.3803465
     0.55000000     0.75000000      3.2982509     0.51609851      2.7821524     0.68043249   0.0026085101
      2.9104465
     0.55000000     0.80000000      3.2972948     0.51753805      2.7797568     0.69242990   0.0026314063
      2.8183164
     0.55000000     0.85000000      3.3031153     0.51258111      2.7905341     0.68520386   0.0026176399
      1.2045057
     0.55000000     0.90000000      3.3104120     0.51272096      2.7976910     0.68983565   0.0026264723
      1.1944054
     0.55000000     0.95000000      3.2697171     0.52473862      2.7449785     0.64734315   0.0025442939
      2.3813220
     0.55000000      1.0000000      3.2780788     0.52637322      2.7517056     0.65413398   0.0025576043
      1.0240776
     0.55000000      1.0500000      3.2794222     0.51981135      2.7596108     0.75747714   0.0027522303
      1.6707220
     0.55000000      1.1000000      3.2654563     0.53148030      2.7339760     0.64426182   0.0025382313
      1.8056555
     0.60000000     0.15000000      3.7158481     0.51292686      3.2029213      1.4098925   0.0037548535
     0.11433874
     0.60000000     0.20000000      3.5763420     0.52248802      3.0538540      1.1300564   0.0033616311
      2.3401257
     0.60000000     0.25000000      3.4886421     0.52348721      2.9651549     0.98495954   0.0031384065
      2.4068818
     0.60000000     0.30000000      3.3828210     0.53760128      2.8452197     0.80295541   0.0028336468
      1.3402625
     0.60000000     0.35000000      3.3375637     0.54326702      2.7942967     0.71879783   0.0026810405
      3.1089212
     0.60000000     0.40000000      3.3221431     0.54067673      2.7814663     0.67042589   0.0025892584
      2.8395107
     0.60000000     0.45000000      3.2975119     0.54097942      2.7565325     0.62401968   0.0024980386
      2.3354418
     0.60000000     0.50000000      3.2556232     0.55680305      2.6988201     0.55194802   0.0023493574
      2.7034361
     0.60000000     0.55000000      3.2394484     0.56361378      2.6758346     0.52484836   0.0022909569
     0.84966397
     0.60000000     0.60000000      3.2396496     0.55527561      2.6843740     0.52885163   0.0022996774
      2.7064708
     0.60000000     0.65000000      3.2295783     0.55361049      2.6759678     0.49300007   0.0022203605
      2.7357548
     0.60000000     0.70000000      3.2008593     0.56797561      2.6328837     0.47837594   0.0021871807
      1.7662874
     0.60000000     0.75000000      3.2125872     0.56322172      2.6493655     0.46411050   0.0021543224
      4.3304367
     0.60000000     0.80000000      3.2092996     0.56375021      2.6455494     0.47753935   0.0021852674
      1.8218040
     0.60000000     0.85000000      3.1913071     0.57049447      2.6208126     0.43656346   0.0020894101
      2.3167924
     0.60000000     0.90000000      3.2036158     0.56738021      2.6362356     0.45615129   0.0021357699
      2.2839205
     0.60000000     0.95000000      3.2053215     0.55997722      2.6453443     0.46399475   0.0021540537
      1.5294192
     0.60000000      1.0000000      3.1911602     0.56981337      2.6213468     0.44502026   0.0021095503
      2.0665510
     0.60000000      1.0500000      3.1900686     0.56601318      2.6240554     0.45565214   0.0021346010
      1.9365342
     0.60000000      1.1000000      3.1932285     0.56893660      2.6242919     0.45830008   0.0021407944
      2.3386936
     0.65000000     0.15000000      3.5559741     0.54393533      3.0120387      1.0598058   0.0032554659
      2.3340548
     0.65000000     0.20000000      3.4284464     0.54666684      2.8817795     0.99305516   0.0031512778
      2.0473866
     0.65000000     0.25000000      3.3546669     0.56418121      2.7904857     0.69535230   0.0026369533
      2.4486850
     0.65000000     0.30000000      3.2899842     0.57310296      2.7168813     0.58492575   0.0024185238
      2.8440306
     0.65000000     0.35000000      3.2266688     0.59148845      2.6351804     0.48459712   0.0022013567
      2.1072262
     0.65000000     0.40000000      3.2287843     0.57903816      2.6497461     0.46649111   0.0021598405
      2.9262344
     0.65000000     0.45000000      3.1942574     0.58791347      2.6063440     0.40419058   0.0020104492
      1.0223274
     0.65000000     0.50000000      3.1718305     0.59020879      2.5816217     0.38587855   0.0019643792
      1.0534623
     0.65000000     0.55000000      3.1869591     0.58255252      2.6044066     0.37174484   0.0019280686
      1.9138618
     0.65000000     0.60000000      3.1625383     0.59916102      2.5633773     0.34242147   0.0018504634
     0.93508201
     0.65000000     0.65000000      3.1477809     0.61033750      2.5374434     0.32661678   0.0018072542
      1.7103472
     0.65000000     0.70000000      3.1460243     0.60860314      2.5374212     0.31924878   0.0017867534
      2.1926009
     0.65000000     0.75000000      3.1355836     0.61356353      2.5220201     0.29597819   0.0017204017
      2.1465343
     0.65000000     0.80000000      3.1433840     0.60211644      2.5412676     0.30562891   0.0017482245
      1.0628751
     0.65000000     0.85000000      3.1248231     0.61888628      2.5059368     0.30692744   0.0017519345
      1.5706605
     0.65000000     0.90000000      3.1299396     0.61531585      2.5146237     0.29378691   0.0017140213
      1.5937929
     0.65000000     0.95000000      3.1297879     0.61346311      2.5163248     0.30248205   0.0017392011
      1.1072449
     0.65000000      1.0000000      3.1375971     0.61106972      2.5265274     0.30490205   0.0017461445
     0.98502448
     0.65000000      1.0500000      3.1150552     0.62604041      2.4890147     0.29373553   0.0017138714
      2.4931494
     0.65000000      1.1000000      3.1321819     0.62253785      2.5096441     0.31911515   0.0017863794
      2.1656622
     0.70000000     0.15000000      3.4340123     0.58875329      2.8452590     0.79546004   0.0028203901
      3.8328074
     0.70000000     0.20000000      3.3218864     0.60265170      2.7192347     0.60190993   0.0024533853
      1.9097396
     0.70000000     0.25000000      3.2567654     0.60406387      2.6527016     0.48360059   0.0021990921
      2.7345164
     0.70000000     0.30000000      3.2052733     0.62033228      2.5849410     0.39889166   0.0019972272
      1.7926331
     0.70000000     0.35000000      3.1735869     0.61972889      2.5538580     0.34217207   0.0018497894
     0.42837269
     0.70000000     0.40000000      3.1464193     0.62805445      2.5183648     0.29524575   0.0017182717
      2.1719631
     0.70000000     0.45000000      3.1223665     0.63865134      2.4837152     0.26372271   0.0016239542
      1.9596030
     0.70000000     0.50000000      3.1137512     0.64319971      2.4705514     0.25042096   0.0015824695
      3.1338394
     0.70000000     0.55000000      3.1117006     0.63968704      2.4720136     0.22953345   0.0015150361
      3.3612617
     0.70000000     0.60000000      3.0969908     0.65322319      2.4437676     0.21064752   0.0014513701
      2.0625253
     0.70000000     0.65000000      3.0936548     0.64335636      2.4502985     0.20473115   0.0014308429
      1.6435067
     0.70000000     0.70000000      3.0990845     0.64110495      2.4579795     0.20630386   0.0014363282
      2.9810406
     0.70000000     0.75000000      3.0990160     0.64006473      2.4589513     0.20385079   0.0014277633
      1.4782973
     0.70000000     0.80000000      3.0931303     0.65107559      2.4420547     0.19984516   0.0014136660
      1.5639370
     0.70000000     0.85000000      3.0861085     0.65970421      2.4264043     0.20090625   0.0014174140
      2.2857158
     0.70000000     0.90000000      3.0894801     0.65781542      2.4316647     0.20658998   0.0014373238
      1.0317187
     0.70000000     0.95000000      3.0772618     0.67311691      2.4041449     0.19971954   0.0014132216
      1.2235899
     0.70000000      1.0000000      3.0845357     0.66389076      2.4206449     0.20863720   0.0014444279
     0.78568381
     0.70000000      1.0500000      3.0894463     0.66498449      2.4244618     0.22423051   0.0014974328
      1.7834980
     0.70000000      1.1000000      3.0916426     0.66220682      2.4294358     0.22505122   0.0015001707
     0.88978463
     0.75000000     0.15000000      3.3152451     0.64360570      2.6716394     0.57578056   0.0023995428
     0.16114887
     0.75000000     0.20000000      3.2222454     0.64225634      2.5799891     0.43130483   0.0020767880
      1.5103486
     0.75000000     0.25000000      3.1612885     0.65315903      2.5081295     0.33594275   0.0018328741
      2.6355095
     0.75000000     0.30000000      3.1414469     0.65870831      2.4827386     0.26832719   0.0016380696
     0.96892860
     0.75000000     0.35000000      3.1186916     0.65268043      2.4660112     0.23200374   0.0015231669
     0.44375298
     0.75000000     0.40000000      3.0931080     0.67299428      2.4201137     0.18995544   0.0013782432
     0.95043109
     0.75000000     0.45000000      3.0854323     0.67045106      2.4149813     0.16486393   0.0012839935
      1.6500773
     0.75000000     0.50000000      3.0742513     0.68281093      2.3914404     0.15035520   0.0012261941
      1.1571472
     0.75000000     0.55000000      3.0666384     0.68540799      2.3812305     0.13181166   0.0011480926
      1.3498999
     0.75000000     0.60000000      3.0564896     0.69346704      2.3630226     0.12653716   0.0011248874
      1.1333486
     0.75000000     0.65000000      3.0573636     0.68877228      2.3685913     0.12483189   0.0011172819
      1.0632345
     0.75000000     0.70000000      3.0535459     0.70335889      2.3501870     0.12203815   0.0011047088
      1.8211570
     0.75000000     0.75000000      3.0581683     0.69576146      2.3624069     0.12697467   0.0011268304
     0.92439518
     0.75000000     0.80000000      3.0531074     0.70620870      2.3468987     0.12493302   0.0011177344
      4.0510611
     0.75000000     0.85000000      3.0567378     0.70556868      2.3511691     0.12940075   0.0011375445
      1.8442052
     0.75000000     0.90000000      3.0597521     0.70356083      2.3561912     0.14030374   0.0011844988
      1.1055577
     0.75000000     0.95000000      3.0535371     0.71600123      2.3375359     0.13993011   0.0011829206
      1.6265555
     0.75000000      1.0000000      3.0574562     0.70987737      2.3475788     0.14874448   0.0012196084
      1.3307929
     0.75000000      1.0500000      3.0678036     0.70553289      2.3622707     0.16474157   0.0012835169
      1.6301687
     0.75000000      1.1000000      3.0678551     0.70776678      2.3600883     0.17266323   0.0013140138
      1.0673995
     0.80000000     0.15000000      3.2402857     0.66273482      2.5775509     0.44295461   0.0021046487
      3.0085750
     0.80000000     0.20000000      3.1605943     0.68755589      2.4730384     0.30981258   0.0017601494
      1.7192902
     0.80000000     0.25000000      3.1197618     0.68835079      2.4314110     0.23260172   0.0015251286
      1.0684312
     0.80000000     0.30000000      3.0902500     0.70513876      2.3851113     0.17428654   0.0013201763
      2.7264626
     0.80000000     0.35000000      3.0677302     0.71247837      2.3552518     0.13656345   0.0011686036
      1.6149235
     0.80000000     0.40000000      3.0536602     0.71777133      2.3358889     0.11025172   0.0010500082
      1.2913434
     0.80000000     0.45000000      3.0425666     0.72626249      2.3163041    0.089991326  0.00094863758
      1.7082996
     0.80000000     0.50000000      3.0322298     0.74120310      2.2910267    0.075745553  0.00087031921
      1.3882372
     0.80000000     0.55000000      3.0369004     0.72549544      2.3114050    0.073430661  0.00085691692
      1.8920277
     0.80000000     0.60000000      3.0347655     0.73213888      2.3026266    0.069820014  0.00083558371
      1.6675475
     0.80000000     0.65000000      3.0361967     0.72897912      2.3072176    0.070225852  0.00083800866
      1.4263011
     0.80000000     0.70000000      3.0393291     0.72522768      2.3141014    0.076136441  0.00087256198
      1.5342983
     0.80000000     0.75000000      3.0339797     0.75046702      2.2835127    0.076153569  0.00087266012
      1.7483350
     0.80000000     0.80000000      3.0335660     0.74785924      2.2857068    0.081441020  0.00090244679
     0.91290531
     0.80000000     0.85000000      3.0393239     0.74305803      2.2962659    0.089325503  0.00094512170
      2.0080090
     0.80000000     0.90000000      3.0418948     0.73990898      2.3019858    0.097103918  0.00098541320
      3.1054238
     0.80000000     0.95000000      3.0414407     0.75551057      2.2859302     0.10557844   0.0010275137
      2.3996602
     0.80000000      1.0000000      3.0409842     0.76239202      2.2785922     0.11425065   0.0010688810
     0.68904827
     0.80000000      1.0500000      3.0428660     0.76361954      2.2792465     0.12362111   0.0011118503
      1.8051298
     0.80000000      1.1000000      3.0433459     0.77564635      2.2676996     0.13527191   0.0011630646
      1.2543419
     0.85000000     0.15000000      3.1681064     0.70472784      2.4633785     0.32084535   0.0017912157
      3.3413329
     0.85000000     0.20000000      3.1142127     0.71875847      2.3954542     0.21611463   0.0014700838
      1.4413440
     0.85000000     0.25000000      3.0796300     0.72816144      2.3514686     0.14923997   0.0012216381
     0.56751556
     0.85000000     0.30000000      3.0472267     0.74628892      2.3009378     0.10454998   0.0010224968
      2.5919970
     0.85000000     0.35000000      3.0344376     0.75381131      2.2806263    0.076304081  0.00087352207
     0.81101432
     0.85000000     0.40000000      3.0271263     0.76436652      2.2627598    0.055446116  0.00074462149
      2.1392708
     0.85000000     0.45000000      3.0201434     0.76924163      2.2509018    0.043599322  0.00066029783
      1.1325846
     0.85000000     0.50000000      3.0175495     0.77113354      2.2464159    0.037421912  0.00061173452
      1.8662111
     0.85000000     0.55000000      3.0163776     0.77757816      2.2387995    0.033456434  0.00057841537
     0.48336143
     0.85000000     0.60000000      3.0159340     0.78156645      2.2343675    0.034585825  0.00058809714
      1.2797133
     0.85000000     0.65000000      3.0165669     0.78303027      2.2335366    0.069393317  0.00083302651
      1.8832124
     0.85000000     0.70000000      3.0174080     0.78704593      2.2303621    0.043203576  0.00065729427
      2.0635462
     0.85000000     0.75000000      3.0236185     0.78766016      2.2359583    0.051004151  0.00071417191
      2.1867994
     0.85000000     0.80000000      3.0266975     0.79817898      2.2285185    0.059560358  0.00077175357
     0.83372931
     0.85000000     0.85000000      3.0321272     0.78040491      2.2517223    0.069599131  0.00083426094
      2.9681190
     0.85000000     0.90000000      3.0325088     0.79140863      2.2411002    0.080646186  0.00089803221
      1.9699671
     0.85000000     0.95000000      3.0304602     0.80980177      2.2206584    0.087944249  0.00093778595
      1.4459132
     0.85000000      1.0000000      3.0359877     0.81237721      2.2236105     0.10273150   0.0010135655
     0.74812756
     0.85000000      1.0500000      3.0425128     0.81143878      2.2310740     0.11552059   0.0010748051
      2.1959244
     0.85000000      1.1000000      3.0443377     0.81301159      2.2313261     0.12804934   0.0011315889
      1.8779748
     0.90000000     0.15000000      3.1153721     0.75459074      2.3607814     0.22684014   0.0015061213
     0.72978477
     0.90000000     0.20000000      3.0652572     0.76338726      2.3018700     0.14601425   0.0012083636
      1.9719128
     0.90000000     0.25000000      3.0452099     0.77056474      2.2746451     0.10154172   0.0010076791
      1.0527529
     0.90000000     0.30000000      3.0255321     0.78304006      2.2424921    0.059261250  0.00076981329
      1.8841695
     0.90000000     0.35000000      3.0171508     0.80172882      2.2154220    0.036088402  0.00060073623
     0.79221511
     0.90000000     0.40000000      3.0089460     0.81224737      2.1966986    0.022121532  0.00047033533
      1.3035602
     0.90000000     0.45000000      3.0096617     0.78988025      2.2197815    0.015710747  0.00039636784
      1.4678244
     0.90000000     0.50000000      3.0068565     0.81271901      2.1941374    0.013097951  0.00036191091
      1.6153225
     0.90000000     0.55000000      3.0069214     0.81953338      2.1873880    0.014350432  0.00037881964
     0.86752776
     0.90000000     0.60000000      3.0107294     0.82452713      2.1862023    0.018476042  0.00042983767
      1.3142436
     0.90000000     0.65000000      3.0117457     0.83674610      2.1749996    0.024630971  0.00049629599
      1.0975637
     0.90000000     0.70000000      3.0164199     0.82893783      2.1874821    0.033111976  0.00057543006
      2.7362692
     0.90000000     0.75000000      3.0203918     0.83706988      2.1833220    0.043779170  0.00066165830
      2.5026100
     0.90000000     0.80000000      3.0228451     0.84631463      2.1765305    0.053569163  0.00073190958
      2.0825611
     0.90000000     0.85000000      3.0272263     0.84129181      2.1859345    0.067182577  0.00081964979
      1.1993869
     0.90000000     0.90000000      3.0307237     0.84846783      2.1822559    0.078803307  0.00088771227
      1.5136518
     0.90000000     0.95000000      3.0402636     0.84536307      2.1949005    0.095307341  0.00097625479
      1.1344793
     0.90000000      1.0000000      3.0405576     0.85146365      2.1890939     0.10821825   0.0010402800
      1.8996319
     0.90000000      1.0500000      3.0437503     0.85201918      2.1917311     0.12151132   0.0011023217
      1.5301446
     0.90000000      1.1000000      3.0446362     0.84920524      2.1954310     0.13560870   0.0011645115
      2.0358924
     0.95000000     0.15000000      3.0806941     0.79218820      2.2885059     0.16603364   0.0012885404
      1.7812278
     0.95000000     0.20000000      3.0430423     0.79898309      2.2440592    0.098905645  0.00099451317
      1.6452910
     0.95000000     0.25000000      3.0233079     0.81579304      2.2075148    0.055498305  0.00074497185
      1.1079003
     0.95000000     0.30000000      3.0085465     0.82451196      2.1840346    0.029292756  0.00054122783
      1.7855382
     0.95000000     0.35000000      3.0032307     0.83032691      2.1729038    0.013698290  0.00037011202
     0.95736888
     0.95000000     0.40000000      3.0006245     0.84399936      2.1566252   0.0054626878  0.00023372394
      1.1188378
     0.95000000     0.45000000      3.0003893     0.85826237      2.1421269   0.0030403393  0.00017436569
     0.34855570
     0.95000000     0.50000000      3.0020635     0.86261175      2.1394517   0.0047519964  0.00021799074
     0.60934651
     0.95000000     0.55000000      3.0063956     0.86105434      2.1453413   0.0097765803  0.00031267524
     0.41351246
     0.95000000     0.60000000      3.0100766     0.85977925      2.1502973    0.018071972  0.00042511143
      1.7968679
     0.95000000     0.65000000      3.0146180     0.86865039      2.1459676    0.026887838  0.00051853484
      2.4311872
     0.95000000     0.70000000      3.0175685     0.87806650      2.1395020    0.037754225  0.00061444467
      3.0567340
     0.95000000     0.75000000      3.0235691     0.87506251      2.1485066    0.050604454  0.00071136808
      2.0780368
     0.95000000     0.80000000      3.0298854     0.89512755      2.1347578    0.063939582  0.00079962230
     0.98753246
     0.95000000     0.85000000      3.0366224     0.88911439      2.1475080    0.078877152  0.00088812810
      2.1879611
     0.95000000     0.90000000      3.0371024     0.88460367      2.1524987    0.093231200  0.00096556305
      1.8618191
     0.95000000     0.95000000      3.0402172     0.89043167      2.1497855     0.10840593   0.0010411817
     0.76174166
     0.95000000      1.0000000      3.0468318     0.88913008      2.1577017     0.12565621   0.0011209648
      1.9650799
     0.95000000      1.0500000      3.0537207     0.89446427      2.1592565     0.14196642   0.0011914966
     0.82879931
     0.95000000      1.1000000      3.0534706     0.89824192      2.1552287     0.15359695   0.0012393424
      1.4752646
      1.0000000     0.15000000      3.0585759     0.83530171      2.2232742     0.11872876   0.0010896273
      2.1298938
      1.0000000     0.20000000      3.0236029     0.83815871      2.1854442    0.067324404  0.00082051450
      2.1034770
      1.0000000     0.25000000      3.0096108     0.86681487      2.1427960    0.033315310  0.00057719416
      2.0497780
      1.0000000     0.30000000      3.0007741     0.87507295      2.1257012    0.014954292  0.00038670779
      1.6237513
      1.0000000     0.35000000      2.9983340     0.87478192      2.1235521   0.0054027201  0.00023243752
      1.3607008
      1.0000000     0.40000000      2.9996954     0.87897045      2.1207249   0.0023387454  0.00015292957
     0.91781190
      1.0000000     0.45000000      3.0030087     0.89792100      2.1050877   0.0041854411  0.00020458351
      1.2584326
      1.0000000     0.50000000      3.0064842     0.88915506      2.1173291   0.0099555947  0.00031552488
      2.0659038
      1.0000000     0.55000000      3.0119216     0.91887950      2.0930421    0.018070813  0.00042509778
      1.3319901
      1.0000000     0.60000000      3.0152982     0.90689718      2.1084011    0.042253625  0.00065002788
     0.86359735
      1.0000000     0.65000000      3.0205872     0.91803918      2.1025480    0.041584457  0.00064486012
      1.5466333
      1.0000000     0.70000000      3.0298113     0.91901947      2.1107919    0.064048782  0.00080030483
     0.25991447
      1.0000000     0.75000000      3.0410805     0.93845983      2.1026207    0.069426116  0.00083322335
      1.8241141
      1.0000000     0.80000000      3.0360814     0.93124314      2.1048383    0.084332555  0.00091832758
      1.5059473
      1.0000000     0.85000000      3.0490980     0.93722979      2.1118682     0.10218428   0.0010108624
     0.88612174
      1.0000000     0.90000000      3.0487536     0.94305177      2.1057019     0.11684301   0.0010809395
      1.6921393
      1.0000000     0.95000000      3.0563886     0.94748002      2.1089086     0.13611106   0.0011666664
      1.2446482
      1.0000000      1.0000000      3.0562135     0.93669742      2.1195161     0.15428672   0.0012421221
     0.35783771
      1.0000000      1.0500000      3.0662933     0.95357102      2.1127223     0.17116741   0.0013083096
     0.98440926
      1.0000000      1.1000000      3.0795130     0.93981275      2.1397003     0.19450816   0.0013946618
      1.7032211
      1.0500000     0.15000000      3.0377548     0.88486472      2.1528901    0.091427310  0.00095617629
      1.2460781
      1.0500000     0.20000000      3.0153106     0.89411759      2.1211930    0.048731395  0.00069807875
      2.3085300
      1.0500000     0.25000000      3.0055311     0.91043342      2.0950977    0.024307697  0.00049302836
      3.5025964
      1.0500000     0.30000000      3.0003959     0.91344973      2.0869462    0.012920500  0.00035945097
     0.70872648
      1.0500000     0.35000000      3.0005324     0.91948836      2.0810440   0.0090078212  0.00030013033
     0.97443448
      1.0500000     0.40000000      3.0054279     0.93824672      2.0671812    0.010524883  0.00032442075
      1.5338783
      1.0500000     0.45000000      3.0079988     0.92688967      2.0811091    0.017088357  0.00041338066
     0.58161137
      1.0500000     0.50000000      3.0157714     0.95097305      2.0647983    0.026168987  0.00051155632
      1.0084805
      1.0500000     0.55000000      3.0186357     0.93645526      2.0821805    0.038599373  0.00062128393
      1.7221368
      1.0500000     0.60000000      3.0311976     0.96581884      2.0653788    0.050601481  0.00071134718
      1.1837350
      1.0500000     0.65000000      3.0362280     0.95665171      2.0795763    0.066544160  0.00081574604
     0.99627333
      1.0500000     0.70000000      3.0475509     0.98700377      2.0605471    0.080557496  0.00089753828
     0.90285677
      1.0500000     0.75000000      3.0478600     0.97322219      2.0746378    0.099533817  0.00099766636
      2.4777805
      1.0500000     0.80000000      3.0540095     0.98146058      2.0725489     0.11678389   0.0010806659
      1.5014283
      1.0500000     0.85000000      3.0636472     0.98084239      2.0828048     0.13606146   0.0011664539
      2.2961913
      1.0500000     0.90000000      3.0720047     0.97683235      2.0951723     0.15572306   0.0012478905
     0.83848450
      1.0500000     0.95000000      3.0822860     0.98201448      2.1002715     0.29582917   0.0017199685
      1.8627549
      1.0500000      1.0000000      3.0776450     0.98967106      2.0879740     0.19030340   0.0013795050
     0.89221683
      1.0500000      1.0500000      3.0905431      1.0053349      2.0852081     0.21146768   0.0014541928
      1.2381983
      1.0500000      1.1000000      3.1037978      1.0031661      2.1006318     0.23497993   0.0015329055
     0.50111347
      1.1000000     0.15000000      3.0231858     0.91329275      2.1098931    0.076730532  0.00087595966
      1.6401363
      1.1000000     0.20000000      3.0087426     0.92610532      2.0826373    0.044369757  0.00066610628
      2.3279035
      1.1000000     0.25000000      3.0039728     0.94154197      2.0624308    0.028000251  0.00052915263
      1.1572858
      1.1000000     0.30000000      3.0061322     0.96283837      2.0432939    0.021777198  0.00046666046
      1.5034817
      1.1000000     0.35000000      3.0092894     0.96990728      2.0393821    0.023232691  0.00048200301
      1.4444214
      1.1000000     0.40000000      3.0133041     0.96752806      2.0457761    0.029095900  0.00053940615
     0.40084336
      1.1000000     0.45000000      3.0248385     0.99477213      2.0300664    0.038356543  0.00061932659
      1.4392486
      1.1000000     0.50000000      3.0294014     0.98900429      2.0403971    0.050378466  0.00070977789
    0.093868979
      1.1000000     0.55000000      3.0396271      1.0080346      2.0315925    0.065860226  0.00081154313
      1.7888739
      1.1000000     0.60000000      3.0481251     0.99996076      2.0481644    0.081947607  0.00090524918
      1.7971842
      1.1000000     0.65000000      3.0554894      1.0133795      2.0421099     0.10036899   0.0010018432
      1.5730380
      1.1000000     0.70000000      3.0623105      1.0076268      2.0546837     0.12358010   0.0011116659
      1.8101471
      1.1000000     0.75000000      3.0656357      1.0163950      2.0492407     0.13800453   0.0011747533
      1.5913211
      1.1000000     0.80000000      3.0763733      1.0322495      2.0441238     0.15480667   0.0012442133
      1.6140399
      1.1000000     0.85000000      3.0846878      1.0272893      2.0573984     0.17866513   0.0013366568
     0.48590000
      1.1000000     0.90000000      3.0876089      1.0324666      2.0551423     0.19840241   0.0014085539
      1.9172438
      1.1000000     0.95000000      3.1007491      1.0264720      2.0742771     0.22141962   0.0014880176
     0.47774219
      1.1000000      1.0000000      3.1108268      1.0430679      2.0677589     0.24388133   0.0015616700
      2.7737570
      1.1000000      1.0500000      3.1083879      1.0429445      2.0654434     0.25894052   0.0016091629
      2.4273424
      1.1000000      1.1000000      3.1220546      1.0520462      2.0700084     0.28502417   0.0016882659
     0.76841493
