     0.20000000      5.1926417     0.20030659      4.9923351      11.494500   0.0033903540
      2.7851522
     0.30000000      3.6324527     0.30008709      3.3323656      4.6089851   0.0021468547
      2.2954421
     0.40000000      2.9002485     0.39995264      2.5002959      2.2009112   0.0014835468
     0.90836763
     0.50000000      2.5021877     0.49927073      2.0029170      1.1292447   0.0010626592
      1.6198837
     0.60000000      2.2678194     0.59935153      1.6684678     0.56994252  0.00075494538
      1.9095630
     0.70000000      2.1288669     0.69971596      1.4291510     0.26589252  0.00051564767
      1.2236470
     0.80000000      2.0506934     0.79876709      1.2519263     0.10176688  0.00031900922
      1.3095315
     0.90000000      2.0111211     0.89995698      1.1111641    0.022253803  0.00014917709
     0.55305237
      1.0000000      1.9999999      1.0003361     0.99966375  4.4408921E-16  2.1073424E-11
     0.45038702
      1.1000000      2.0090077      1.0995211     0.90948657    0.018264003  0.00013514438
     0.40824528
      1.2000000      2.0339665      1.2020724     0.83189401    0.066942461  0.00025873241
     0.10260833
      1.3000000      2.0693786      1.3003624     0.76901620     0.14093823  0.00037541741
      2.0227243
      1.4000000      2.1155753      1.4026331     0.71294217     0.23370976  0.00048343538
     0.44792145
      1.5000000      2.1671780      1.5009206     0.66625738     0.34855740  0.00059038750
      1.3688468
      1.6000000      2.2309172      1.6097105     0.62120671     0.46885444  0.00068472947
      1.1774465
