     0.20000000      5.1958815     0.20017160      4.9957099      11.301687   0.0033617981
      2.7138501
     0.30000000      3.5953245     0.30375910      3.2915654      4.4982696   0.0021209124
      4.5000275
     0.40000000      2.8303925     0.41325855      2.4171339      2.0393722   0.0014280659
      2.1732373
     0.50000000      2.5092234     0.49692548      2.0122979      1.1318174   0.0010638691
     0.78249412
     0.60000000      2.2652046     0.60082236      1.6643822     0.56725325  0.00075316217
      1.4811906
     0.70000000      2.1241228     0.70427407      1.4198487     0.26228335  0.00051213607
      1.0337374
     0.80000000      2.0588754     0.78422134      1.2746540     0.10533110  0.00032454754
      1.6439279
     0.90000000      2.0123863     0.89456313      1.1178232    0.022499835  0.00014999945
      1.8583897
      1.0000000      1.9999999      1.0092262     0.99077364 -2.5135449E-13           -NAN
      2.7038742
      1.1000000      2.0085813      1.0970647     0.91151669    0.018068964  0.00013442085
      1.2071454
      1.2000000      2.0321388      1.1960911     0.83604771    0.066772223  0.00025840322
     0.89378313
      1.3000000      2.0659135      1.2918753     0.77403817     0.14494555  0.00038071716
      1.5935226
      1.4000000      2.1161089      1.4037226     0.71238633     0.22960267  0.00047916872
     0.93959462
      1.5000000      2.1701139      1.5062053     0.66390863     0.34503236  0.00058739455
     0.76771372
      1.6000000      2.2174672      1.5876386     0.62982854     0.48916109  0.00069940052
      1.0143167
